<?xml version="1.0" encoding="utf-8"?>
<vector xmlns:android="http://schemas.android.com/apk/res/android"
        android:width="104dp"
        android:height="104dp"
        android:viewportHeight="104"
        android:viewportWidth="104">

    <path
        android:fillAlpha="0.76"
        android:fillColor="#000000"
        android:pathData="M 51.27 7.76 C 53.38 9.09 54.28 11.50 55.34 13.64 C 59.02 21.66 61.81 30.03
64.84 38.31 C 74.29 38.66 83.77 38.67 93.19 39.68 C 95.16 40.00 97.41 40.02
98.84 41.63 C 91.25 49.89 81.75 56.03 72.96 62.91 C 76.06 73.50 80.39 84.02
80.95 95.14 C 78.88 94.77 76.88 94.07 75.07 92.99 C 67.07 88.38 59.36 83.29
51.85 77.93 C 45.62 81.62 39.93 86.14 33.64 89.75 C 30.00 91.78 26.56 94.76
22.22 94.97 C 23.14 83.93 27.19 73.45 30.35 62.91 C 22.45 56.75 14.03 51.19 6.81
44.21 C 5.80 43.31 5.17 42.11 4.54 40.95 C 15.63 37.95 27.31 39.19 38.65 38.16 C
42.34 27.86 45.44 17.11 51.27 7.76 M 41.52 38.58 C 40.78 41.51 37.47 41.30 35.09
41.50 C 26.46 41.64 17.82 41.88 9.21 42.63 C 16.41 48.88 24.09 54.54 31.73 60.24
C 33.42 61.21 33.21 63.34 32.77 64.95 C 30.17 73.60 27.01 82.15 25.63 91.09 C
33.96 86.50 41.74 81.02 49.65 75.76 C 51.13 74.28 53.10 75.39 54.54 76.31 C
62.28 81.41 69.79 86.93 78.06 91.17 C 75.84 82.47 73.53 73.79 70.62 65.29 C
70.35 63.87 69.21 61.85 70.81 60.83 C 78.58 54.90 86.62 49.27 93.81 42.61 C
85.55 41.93 77.27 41.59 68.99 41.54 C 66.36 41.32 62.50 41.74 61.69 38.44 C
58.68 29.63 55.47 20.87 51.60 12.40 C 47.87 20.98 44.61 29.76 41.52 38.58 Z"
        android:strokeAlpha="0.76"
        android:strokeWidth="1"/>
    <path
        android:fillAlpha="1.00"
        android:fillColor="#ffd233"
        android:pathData="M 41.52 38.58 C 44.61 29.76 47.87 20.98 51.60 12.40 C 55.47 20.87 58.68 29.63
61.69 38.44 C 62.50 41.74 66.36 41.32 68.99 41.54 C 77.27 41.59 85.55 41.93
93.81 42.61 C 86.62 49.27 78.58 54.90 70.81 60.83 C 69.21 61.85 70.35 63.87
70.62 65.29 C 73.53 73.79 75.84 82.47 78.06 91.17 C 69.79 86.93 62.28 81.41
54.54 76.31 C 53.10 75.39 51.13 74.28 49.65 75.76 C 41.74 81.02 33.96 86.50
25.63 91.09 C 27.01 82.15 30.17 73.60 32.77 64.95 C 33.21 63.34 33.42 61.21
31.73 60.24 C 24.09 54.54 16.41 48.88 9.21 42.63 C 17.82 41.88 26.46 41.64 35.09
41.50 C 37.47 41.30 40.78 41.51 41.52 38.58 Z"
        android:strokeAlpha="1.00"
        android:strokeWidth="1"/>
</vector>